+233 24 947 6405,
+233 57 482 8043,
+234 701 720 0173,
+234 701 855 5463,
+234 703 019 0526,
+234 703 044 0295,
+234 703 112 7114,
+234 703 160 2034,
+234 703 246 2877,
+234 703 254 4726,
+234 703 289 1768,
+234 703 576 5686,
+234 703 576 7028,
+234 703 625 2761,
+234 703 635 6408,
+234 703 729 5177,
+234 703 772 5287,
+234 703 813 8855,
+234 703 914 5119,
+234 703 927 4920,
+234 703 961 8238,
+234 703 970 2740,
+234 704 281 7010,
+234 704 294 6115,
+234 704 493 4538,
+234 706 136 2959,
+234 706 199 0607,
+234 706 208 6188,
+234 706 340 3851,
+234 706 399 4406,
+234 706 465 5148,
+234 706 520 4708,
+234 706 709 8507,
+234 706 797 8806,
+234 706 863 4715,
+234 706 909 3577,
+234 706 924 9038,
+234 708 111 6533,
+234 708 583 2713,
+234 708 805 1429,
+234 708 907 2633,
+234 708 910 8011,
+234 802 236 7846,
+234 802 320 0377,
+234 802 322 5101,
+234 802 358 9357,
+234 802 398 0087,
+234 802 443 3876,
+234 802 542 0192,
+234 802 675 8627,
+234 802 754 1287,
+234 802 765 9554,
+234 803 093 4106,
+234 803 096 7490,
+234 803 289 5468,
+234 803 335 7409,
+234 803 361 6007,
+234 803 368 6193,
+234 803 379 4175,
+234 803 388 0427,
+234 803 397 2187,
+234 803 425 8444,
+234 803 430 5725,
+234 803 452 1432,
+234 803 543 5453,
+234 803 547 5235,
+234 803 551 5077,
+234 803 558 6679,
+234 803 614 8713,
+234 803 655 5574,
+234 803 664 4655,
+234 803 727 1620,
+234 803 741 5505,
+234 803 772 4350,
+234 803 797 3114,
+234 803 827 7178,
+234 803 845 5445,
+234 803 861 4328,
+234 803 870 7648,
+234 803 873 5717,
+234 803 876 6106,
+234 805 115 8448,
+234 805 150 2040,
+234 805 353 4092,
+234 805 542 3391,
+234 805 678 1673,
+234 805 862 5935,
+234 805 973 5457,
+234 806 164 5257,
+234 806 212 1478,
+234 806 314 5626,
+234 806 370 2887,
+234 806 389 4190,
+234 806 392 7476,
+234 806 395 3054,
+234 806 438 3024,
+234 806 524 8510,
+234 806 536 0054,
+234 806 642 9659,
+234 806 651 0881,
+234 806 665 3028,
+234 806 718 4786,
+234 806 779 1109,
+234 806 824 0648,
+234 806 851 8826,
+234 806 887 3731,
+234 807 473 5904,
+234 807 606 6761,
+234 807 962 7085,
+234 808 013 1735,
+234 808 219 6259,
+234 808 334 3527,
+234 809 265 0671,
+234 810 007 6627,
+234 810 069 2291,
+234 810 122 0427,
+234 810 622 2153,
+234 810 794 2007,
+234 810 922 6597,
+234 811 686 9060,
+234 811 722 0497,
+234 812 257 0072,
+234 812 355 8655,
+234 812 558 8774,
+234 812 920 8824,
+234 813 077 5663,
+234 813 118 4778,
+234 813 132 7351,
+234 813 195 4076,
+234 813 269 6720,
+234 813 397 6428,
+234 813 429 0871,
+234 813 444 5858,
+234 813 511 3567,
+234 813 718 0423,
+234 813 740 5970,
+234 814 166 3679,
+234 814 260 5099,
+234 814 799 7872,
+234 815 146 2256,
+234 815 524 0946,
+234 816 368 3566,
+234 816 535 9481,
+234 816 567 3826,
+234 816 698 3727,
+234 816 773 9255,
+234 816 792 9564,
+234 816 871 8700,
+234 816 893 6125,
+234 817 613 8658,
+234 818 418 3097,
+234 818 449 1993,
+234 818 485 7078,
+234 818 814 4919,
+234 901 653 9580,
+234 901 929 9074,
+234 902 187 2723,
+234 902 225 5458,
+234 902 723 4551,
+234 902 989 0487,
+234 903 018 8089,
+234 903 026 5779,
+234 903 665 3896,
+234 903 877 0995,
+234 904 170 9647,
+234 904 408 9480,
+234 904 574 2380,
+234 904 850 5413,
+234 905 478 4017,
+234 905 753 5617,
+234 905 882 9756,
+234 905 947 8381,
+234 907 442 3751,
+234 907 514 6027,
+234 907 804 1949,
+234 909 388 1586,
+234 909 951 1117,
+234 913 161 9260,
+254 727 667960,
+44 7451 232214,